1413142894
1412242872
1363948882
1405283464
1400256289
1386259535
1407551413
1411358329
1413377028
1404885266
1346104327
1406642934
1409329655
1407358755
1413988070
550138197
1382596189
1357785909
1408220694
1411784809
1331819951
1359356908
208902
1383927243
1365898499
1364343491
1369798757
1365393542
1404906595
1381755293
1412515251
1385856956
1336856777
1331593956
465921195
1313354324
1356350562
1334295185
536096151
1399112638
441491828
569213220
1363205817
1396973729
1330348068
1357999894
1398663411
460578140
1349292048
29004400
1405319676
1391891631
536622304
516323185
32835565
574566207
1376142151
1374056689
554241732
1397021895
28018075
1358848433
1355147933
1373168742
1388357890
1372796676
452601948
571545156
412911436
1293886117
1338695683
513360721
1335350269
28481189
86369
108390
1407214788
1372060183
569200213
1357825630
461347998
1396568325
558290126
1367452194
1408941731
553815178
287035
411214279
515453363
1384527426
480580003
108138
36270426
1343756008
406072775
1382423403
476659144
1344897943
523251118
449818741
31445772
175072
516728102
1300528275
1377078201
1363078221
512359195
28907016
27759600
31010566
1383876635
31789010
1336856864
1369601580
569214250
496370620
474739467
483671599
1362247767
1300994613
1396073496
254574
28059417
30953009
1374061043
1387157948
541687281
1308818967
1315718569
1387592437
515269424
418602088
417250673
557584888
1404511131
517446139
421423806
1381794809
417859631
28815250
26060065
406475394
451703096
30352891
514761281
1414851420
1359595520
571338279
1384026889
452986458
1380075991
1328146041
502043537
1415078941
480426313
1406533543
36990266
445665094
65766
436487129
534542079
1375935067
25727803
29814898
1344814341
1382985712
439121233
1301884692
436514312
440208476
347230
1297498908
139774
133998
29009655
553755659
569214126
512085302
25788001
528326686
487885426
1367368790
423228325
38576323
37196629
1374051000
1412259763
19542337
1411718813
401249910
1351520305
32835377
1414075953
1413522653
424264505
1376873330
30500857
1410794134
30431364
1403215687
